rate1 = 0.392000
rate2 = 0.836000
rate3 = 0.854000
