rate1 = 0.950000
rate2 = 0.850000
rate3 = 0.950000
rate = 0.916667
