rate1 = 0.900000
rate2 = 0.900000
rate3 = 0.750000
rate = 0.850000
